3000
3800
10060
880
1240
1360
1820
440
1740
5500
3140
2820
800
1700
3320
1700
4740
1760
2080
680
2940
740
1280
1080
240
1360
1580
840
2240
3680
10400
2380
4940
1360
1140
7940
680
700
4780
1400
1700
2360
3280
1260
400
6960
2020
4280
1740
1600
3820
1600
1520
2440
4540
5140
1660
780
6380
4200
5780
14580
2800
1580
2040
1100
1460
480
920
2060
1880
1280
220
7380
220
240
1520
1660
1420
360
920
960
1260
1540
600
1440
1520
2260
300
3280
5800
500
560
1580
2200
600
280
3720
2240
1020
1460
280
500
1740
1400
1060
740
1080
600
1640
7940
2160
3640
4900
1600
2000
1480
3480
4400
6160
500
440
860
780
3040
2520
7780
500
2600
1800
3160
1280
1320
2380
540
1900
900
2540
2180
2680
4140
320
4760
1040
220
8620
2380
420
1860
5120
1720
680
1880
1040
940
3060
2660
2880
1700
420
2720
960
560
2560
320
880
2980
660
2420
1120
5340
540
740
3560
920
420
2040
2520
4880
1440
1860
800
1680
880
1740
3480
9200
740
1800
1540
400
2180
1500
220
500
820
2680
420
240
860
1280
1200
2700
6760
8360
1160
7060
2540
3420
9460
1360
540
1100
1880
440
3120
5160
1100
300
960
3140
220
2100
3820
2400
980
1080
3480
620
1620
5380
4020
1260
2220
3320
8340
1100
500
980
4120
4240
1460
9860
280
540
1480
1200
5920
1280
3780
340
280
1380
4540
3540
1160
1160
1300
300
6700
360
840
5420
1860
2500
1240
1000
5400
2160
3820
2960
3780
480
260
1560
340
1240
1760
7080
940
1020
700
5440
820
1340
8920
1120
1500
340
220
1580
3780
880
460
2880
320
5500
7800
3340
1280
4660
3000
1720
1800
3360
400
2760
4040
2260
4060
240
2900
2420
1260
960
1420
2160
6700
440
640
1420
1420
1100
1000
300
8440
5300
1400
820
880
2160
5460
500
2640
2100
6900
1320
2240
1660
1800
600
460
940
820
1460
1340
3580
900
3160
800
2580
4440
3280
3020
1960
1760
5300
400
8040
2860
1080
4220
2100
540
1660
7120
1880
560
2320
1000
6740
360
1740
1120
3120
440
340
980
3200
920
260
920
2380
1020
4160
920
1080
380
3100
4580
920
1700
1220
5880
2800
4320
800
2580
1460
720
1360
3700
3400
1200
760
4120
1220
2420
2540
1220
1980
4320
840
260
1100
540
2640
640
2160
6440
480
1340
6720
4380
3720
2620
4260
2100
4160
2300
2180
1280
860
5320
980
820
1480
320
360
2640
2660
1100
4600
480
2620
840
3060
480
2120
540
7760
920
240
2520
1600
15160
260
2500
2620
3800
640
2180
860
1280
3080
4000
740
640
1540
780
780
2460
820
1680
19760
1500
240
5140
800
840
4740
3420
4120
3260
4200
1100
720
680
1480
5220
3460
380
600
8060
1220
580
6240
2360
1160
760
4220
1360
3400
1100
3500
9140
3020
980
2980
6400
9180
300
1180
380
3720
6260
19640
4320
1880
2200
1400
2120
420
800
660
620
3360
1320
7000
3640
1280
260
2400
740
980
1540
2120
3600
260
800
1980
1880
4420
2460
780
2580
480
440
6940
400
2420
7880
1080
3820
2020
1360
1620
400
480
4200
2420
480
1240
220
400
560
3120
600
1860
5820
7100
1860
520
11180
880
2740
1460
680
480
5260
2100
2360
260
820
1240
13840
9480
1900
3660
740
320
760
440
4980
3880
1660
1040
780
4080
660
740
1300
1520
19260
1140
5280
940
840
260
2340
5020
3520
3300
380
4660
380
1820
1580
3100
3100
240
240
4300
620
980
1060
540
360
4780
4980
3820
3300
300
1340
3920
2640
2780
980
580
6420
1460
880
4860
2440
1800
3820
1160
3520
740
620
1380
1560
2140
320
540
1640
780
1680
3600
3160
3880
2260
2980
1240
2160
1300
7240
1960
4660
4020
560
3200
580
2500
760
1020
1160
1480
1880
1140
660
920
1220
260
1660
220
3680
1580
5960
860
2600
2400
2040
1460
7060
320
1080
1660
1340
4680
1500
700
1160
800
220
4140
220
2820
2320
1120
1500
1800
1960
1680
2860
1160
740
5020
540
760
2500
880
2460
1240
3020
6240
6860
2760
620
2760
4200
340
1720
7700
1080
2100
2460
1780
1840
2380
1240
560
7400
820
8560
5160
580
360
3840
3380
10080
1740
2420
1000
1360
1900
3660
2460
2880
2220
260
3200
3340
4000
4040
5000
1480
5020
1780
1420
2880
3000
1060
2020
760
1260
2680
3200
1240
680
300
3400
840
1820
380
4500
1800
260
800
980
2100
620
3400
2280
1540
1940
4860
640
4020
480
800
2600
1500
4680
500
1600
1400
8120
3720
6960
7960
5460
1640
240
260
3280
4120
4160
1440
5020
3880
640
2280
340
4240
2520
1160
620
4600
1200
2420
2260
400
220
6500
2840
1000
1560
1260
460
1700
640
1060
780
1360
320
740
300
1560
3480
4260
4900
860
420
400
1780
1180
6000
1700
5080
6140
1640
5660
740
1000
1460
820
4480
920
2820
1680
2720
14420
980
440
5780
1400
620
1400
220
5540
5120
540
8500
760
480
3180
2680
4840
7320
4080
2500
6780
2860
720
4020
2060
760
2660
4540
480
1000
16480
2480
460
1580
1600
1480
1240
2420
7520
4160
320
1800
2140
940
220
4360
580
1160
2900
400
5480
8560
1980
1060
960
4780
1380
400
1840
3020
1080
800
2960
3280
1820
7060
520
4060
1240
4260
420
340
240
5900
260
2360
8460
3140
1160
2140
700
2100
460
8720
2960
1660
2200
1340
1280
1240
1060
7220
1480
4360
3400
220
4700
4760
900
1180
740
1600
1860
2640
2220
380
420
600
6000
5640
600
3440
9340
460
3340
720
400
340
8860
4400
1300
6820
500
3040
3280
1200
8420
620
2240
1300
440
2160
1340
8320
1380
580
18460
3340
6220
2000
420
6060
2940
380
2280
1420
280
520
5180
2020
680
800
1360
5520
1220
820
2980
2680
1260
2960
1080
440
1840
760
2480
520
5220
1940
3600
3920
1000
680
540
1420
2160
420
1860
1540
1200
1300
320
660
3260
7020
1680
1900
660
3220
6100
340
240
5460
540
1140
580
1840
1160
1180
2060
2680
9260
260
480
860
2740
3920
840
3500
220
780
1300
1140
400
1020
580
2800
580
460
960
840
580
6940
1880
1120
2860
1980
1500
2000
7840
1360
1860
1000
2700
1000
600
2260
960
540
3140
560
2380
2740
5500
560
900
860
2520
1480
2200
2700
940
500
3660
6420
1720
220
1000
5060
600
4100
1020
2020
1080
640
1700
2880
1160
1000
2720
1040
4160
480
560
1500
2840
1400
8900
2880
2580
660
540
2380
220
1780
240
320
300
780
1840
960
3940
1260
1180
7680
1180
880
460
440
3500
3520
1200
1100
12940
3680
2520
4460
300
3980
3480
3300
1760
4880
8100
5600
760
2220
3640
300
1820
3100
940
1040
2540
2140
300
880
1660
460
1200
680
920
3540
260
6800
3520
740
1440
440
460
280
1700
1100
1100
1120
2160
5060
1980
1220
3740
6300
15140
440
4360
4160
640
6220
2800
920
3360
8620
1920
4500
560
2040
1020
2460
520
3280
3120
1440
3940
1700
620
800
700
480
980
600
1280
1560
2280
1760
720
4520
1260
5080
1760
4040
3900
2500
19200
3060
3960
2900
1920
1960
980
420
300
1260
3760
480
1060
420
1380
1200
2100
3600
800
2020
780
3880
2460
980
920
5140
2600
4660
380
1980
2580
1240
740
1020
2780
420
7260
1040
7360
2220
9320
5860
800
4160
1600
1840
3500
1900
220
1140
740
680
440
6400
2440
520
3880
340
1140
3020
240
480
2720
2300
520
1100
2000
3720
2460
220
3560
1560
7320
440
560
10120
940
9100
1800
11500
380
3220
1540
1820
3060
1840
1920
3600
460
2760
7300
14540
1180
2840
2420
2600
1340
1240
3340
1140
1760
280
4040
2420
2700
2660
4300
1240
6380
2080
3920
2380
740
4400
2540
740
900
3860
560
1580
2060
1620
220
1520
4060
8120
2620
2960
3620
3260
840
1260
4460
800
1680
3760
8360
920
1580
420
1300
220
2800
4540
300
2080
700
1720
1580
4880
4200
400
1160
1140
2200
3600
2160
3380
260
260
12140
220
1300
400
1160
1160
8260
460
4860
7040
1820
3760
1440
240
4000
1300
1620
360
3540
900
480
860
940
520
1640
1220
1360
1620
3000
1920
2860
780
1540
780
3860
520
3800
3560
280
1280
1700
800
2420
5880
4800
5400
3000
920
3300
3360
2200
840
540
1680
500
4020
780
4100
2360
460
2040
2780
2900
660
3660
2360
320
480
2540
520
700
2560
1200
1420
10100
3480
1380
3860
15380
600
220
5740
5520
1520
920
2780
2940
1560
1260
420
5420
1160
320
7160
540
12620
480
2860
620
5420
1260
840
1640
8380
2860
2620
2060
3020
4460
300
900
1300
9540
6620
5080
760
2260
1900
2760
1600
680
1840
2920
360
820
2520
2960
1320
3120
8740
2200
620
8560
240
600
260
2180
1540
2460
4060
8980
3380
1160
2460
1260
3160
3920
1400
6500
5940
420
700
5380
3500
2240
8160
2400
3580
400
2260
4900
960
1980
3600
3080
3800
1360
940
8800
900
1100
1460
6300
320
12320
3280
3000
2500
380
3660
1340
3240
3220
4360
1920
1500
3220
1300
4220
880
2800
4880
620
360
780
1060
3380
1600
4220
1000
440
2440
240
4540
1060
6460
10360
300
2980
1920
1420
720
1220
460
1500
540
3280
380
7380
1280
880
5600
1180
1480
400
1000
2020
880
4340
1340
17500
620
7980
10180
600
4660
6280
2560
1000
2320
3040
1680
1640
740
1380
1760
6720
980
1300
420
2320
3060
1780
3360
640
2820
2140
7060
1940
1160
600
6660
400
1540
580
1560
2000
3120
1500
580
1460
1020
2440
600
1060
5340
1140
1600
1180
8040
3500
620
1360
5560
2000
8380
1020
220
3300
1660
2780
340
3180
420
4440
4100
2940
940
900
5820
7320
2460
800
1500
9980
1300
3400
720
1560
1380
1400
540
2440
4640
1340
8700
1140
2240
1780
1580
260
1520
3440
1700
900
4720
6960
5940
7840
7600
680
3160
6640
1340
940
1900
4440
1220
1720
580
3240
2760
1960
500
420
11200
600
700
400
1200
2260
6740
2840
7060
740
2520
1680
3680
4800
640
740
500
5820
360
920
740
460
360
17300
4660
1680
3360
4760
840
3140
3680
2100
2740
1080
380
1160
2500
1880
4640
1120
420
3640
260
540
1940
2420
1800
640
640
1160
1640
780
2500
7460
1280
1600
1640
660
11300
1380
3540
9560
300
3980
1240
19720
1520
420
560
2520
2200
3140
5900
1780
1860
220
380
460
800
7500
2320
2060
7420
320
3420
640
3380
1680
2740
2120
1100
260
380
3460
400
600
620
2180
700
3300
1980
1860
1460
1860
2020
240
620
2300
1920
1820
260
620
2060
600
3040
880
2040
2280
3780
5900
1100
1380
1580
1820
3900
780
800
5800
640
6240
4720
2840
460
320
5160
2020
2480
3780
1440
260
1940
1080
720
1680
780
1560
2420
1560
1840
2040
1900
2340
4920
2660
300
2040
1120
1740
2140
960
6520
5000
1380
1320
3140
1480
2420
6220
1140
320
1980
1500
2060
6020
640
640
4740
260
1040
5500
1840
3440
640
5100
1500
1440
3220
1660
1060
1480
800
1460
640
1180
420
740
3560
8000
1120
460
3240
780
920
1780
2740
560
1080
12780
4060
2120
440
1520
680
840
420
4120
1300
1580
420
2740
520
240
660
1080
1600
420
1320
2920
880
820
5300
2140
440
640
4960
4080
1420
7200
620
17520
4760
2760
1560
820
1880
220
3080
7480
660
1580
980
800
3320
1000
1100
880
1840
4100
320
2880
1580
1040
4460
5940
1060
1160
3940
1240
2560
5600
960
4860
3760
5380
1900
5960
1000
5380
640
260
6500
4820
1040
2220
640
1100
240
12740
2560
2600
1040
9440
500
2140
440
8600
320
9300
2340
1980
1660
1740
3140
900
3280
2160
560
6720
5400
2900
1400
1600
1860
480
1880
1800
1500
2780
400
2060
1520
1660
1960
440
2300
1260
960
1260
12280
3320
4380
340
2040
520
4240
3900
2140
1140
7680
10260
1380
720
520
1880
2000
300
660
1460
3880
400
920
2220
1240
320
2340
1500
840
560
3000
1520
1560
1720
640
4320
360
4100
2880
7080
1200
660
1540
420
1340
3600
3400
2920
2700
4360
1200
2620
320
2760
1480
2960
700
2760
4620
320
4160
3300
1200
1000
520
4740
260
1900
1920
2200
380
3360
3000
2240
2040
500
340
420
1600
6120
1640
8020
4980
13360
760
3100
900
2720
1500
1500
640
1780
460
5880
1420
840
600
11620
2960
1000
900
2340
4040
1440
1020
760
1220
960
860
5040
5500
1220
1620
3600
900
6620
2620
400
800
4100
600
3900
260
680
260
2760
6920
1800
1280
1180
3060
3600
2560
680
3040
9340
1040
3560
920
3220
700
420
1040
840
5160
2540
4400
1400
640
2520
1680
1740
3480
920
780
2160
560
1120
680
1820
2920
5440
1880
840
1520
3940
1800
2220
3460
640
1220
1360
640
1820
9640
1740
2980
980
4180
400
540
420
2300
4260
880
1220
6120
260
1660
540
1060
440
5760
240
300
4560
620
3960
1020
780
740
800
1720
520
6200
1060
1440
1940
1880
740
360
1160
3340
2040
2680
1160
440
1060
5180
4000
940
1980
1580
260
460
1040
2220
560
1160
3240
360
1520
680
1820
1200
1940
4860
2240
1040
5180
1100
1820
360
5020
480
1180
1140
280
1260
1980
640
1600
4060
280
280
320
420
1940
2660
2000
4060
840
2120
3600
3460
5740
6980
1420
660
1040
4260
620
1100
2240
1040
2740
2180
2780
3020
420
1500
1360
5600
220
3580
7220
480
4480
440
2560
1960
540
1420
2260
1840
2100
280
760
1660
3860
1700
6320
1260
4980
980
2280
600
1220
460
780
1280
1640
10560
2320
980
1560
2780
460
10520
2380
980
1020
2100
1540
980
1160
4800
1220
1240
540
2840
300
1700
3400
1280
1300
840
3340
600
220
1420
3440
680
1460
3100
1580
960
6740
440
500
1160
1360
1460
4720
720
2920
